Config(input_size=300, hidden_size=128, layers=1, batch_size=1, bidirectional=False, epochs=20, learning_rate=0.0005, folds=5)
epoch, loss
0, 1.0796
1, 0.2840
2, 0.1495
3, 0.0090
4, 0.0318
5, 0.0783
6, 0.9180
7, 0.2017
8, 4.7215
9, 0.0000
10, 0.0874
11, 0.1479
12, 0.0000
13, 0.0006
14, 0.0000
15, 0.0005
16, 0.0003
17, 0.0001
18, 0.0146
19, 0.0421
Unweighted accuracy: 0.838
TN: 1803
FP: 539
FN: 465
TP: 3405
mcc: 0.654
epoch, loss
0, 0.5525
1, 0.3916
2, 0.9223
3, 0.2529
4, 0.0023
5, 0.0019
6, 0.0022
7, 0.0042
8, 0.0093
9, 0.0011
10, 0.0006
11, 0.7130
12, 0.0028
13, 0.0210
14, 0.0053
15, 0.0000
16, 0.0003
17, 0.0006
18, 0.1667
19, 0.0000
Unweighted accuracy: 0.841
TN: 1683
FP: 641
FN: 347
TP: 3541
mcc: 0.655
epoch, loss
0, 0.7804
1, 0.0439
2, 0.5957
3, 0.0310
4, 0.3103
5, 0.0583
6, 0.5100
7, 0.0109
8, 1.4089
9, 0.0476
10, 0.0058
11, 0.2563
12, 1.8925
13, 0.0000
14, 0.0029
15, 0.0020
16, 0.3440
17, 1.9607
18, 0.0670
19, 0.0191
Unweighted accuracy: 0.835
TN: 1866
FP: 488
FN: 535
TP: 3323
mcc: 0.652
epoch, loss
0, 0.9700
1, 0.3182
2, 0.2108
3, 0.7327
4, 0.0032
5, 0.1626
6, 0.0063
7, 0.0335
8, 0.2965
9, 1.6137
10, 0.0451
11, 0.0414
12, 0.0000
13, 0.0001
14, 0.2262
15, 0.0512
16, 0.0201
17, 0.0478
18, 0.7376
19, 0.0026
Unweighted accuracy: 0.835
TN: 1863
FP: 569
FN: 455
TP: 3325
mcc: 0.652
epoch, loss
0, 0.2358
1, 0.1504
2, 0.0199
3, 0.0786
4, 0.1383
5, 0.3733
6, 0.1045
7, 2.6699
8, 0.0034
9, 0.0060
10, 0.0010
11, 0.3681
12, 0.0187
13, 0.0149
14, 0.1295
15, 0.0003
16, 0.3411
17, 0.6244
18, 0.0314
19, 0.0876
Unweighted accuracy: 0.827
TN: 1727
FP: 719
FN: 358
TP: 3408
mcc: 0.632